9.771e+01 3.922e+02
1.009e+02 3.986e+01
-7.035e+00 1.003e+02
1.420e+01 3.953e+02
1.057e+02 -5.309e+01
3.022e+02 7.613e+01
1.122e+02 5.289e+01
1.696e+02 4.723e+02
8.874e+01 2.933e+02
1.797e+02 1.898e+02
9.123e+01 -1.138e+01
6.425e+01 7.200e+01
1.345e+02 2.236e+02
1.294e+02 2.784e+02
3.238e+02 5.197e+00
2.847e+02 3.807e+02
1.192e+02 2.975e+02
2.500e+02 -6.032e+01
-8.043e+01 1.506e+02
2.557e+02 4.214e+02
7.973e+02 8.095e+02
7.777e+02 5.316e+02
8.152e+02 5.442e+02
8.725e+02 9.035e+02
5.461e+02 8.187e+02
5.991e+02 8.823e+02
9.131e+02 7.587e+02
9.567e+02 7.418e+02
7.492e+02 9.474e+02
8.935e+02 8.303e+02
7.625e+02 6.941e+02
7.941e+02 6.780e+02
8.893e+02 7.279e+02
5.891e+02 7.277e+02
7.919e+02 8.840e+02
9.363e+02 7.308e+02
7.406e+02 8.163e+02
7.397e+02 8.527e+02
8.890e+02 8.095e+02
8.526e+02 8.984e+02
2.884e+02 8.011e+02
3.040e+02 8.225e+02
2.895e+02 7.774e+02
3.654e+02 7.055e+02
2.546e+02 8.073e+02
3.221e+02 6.921e+02
3.174e+02 7.290e+02
4.043e+02 9.891e+02
2.044e+02 6.366e+02
3.571e+02 8.352e+02
1.614e+02 7.924e+02
3.610e+02 6.565e+02
1.941e+02 7.344e+02
4.171e+02 7.282e+02
4.050e+02 6.660e+02
2.436e+02 7.668e+02
4.390e+02 9.820e+02
4.482e+02 8.129e+02
2.980e+02 8.280e+02
3.168e+02 1.022e+03
9.022e+02 2.432e+02
6.293e+02 1.253e+02
6.335e+02 3.417e+02
8.309e+02 2.954e+02
8.535e+02 3.613e+02
8.261e+02 3.566e+02
8.273e+02 3.916e+02
9.676e+02 1.478e+02
6.843e+02 3.912e+02
6.922e+02 1.087e+02
9.059e+02 1.736e+02
8.176e+02 1.976e+02
5.698e+02 3.691e+02
6.650e+02 4.228e+02
8.009e+02 3.934e+02
8.221e+02 5.215e+02
6.886e+02 3.956e+01
8.452e+02 4.140e+02
8.513e+02 5.308e+02
7.723e+02 2.553e+02
6.241e+02 8.605e+02
7.362e+02 1.073e+02
6.029e+01 7.661e+02
6.419e+01 8.738e+02
4.391e+02 9.557e+02
4.815e+02 6.936e+02
5.393e+02 5.144e+02
8.256e+02 6.086e+02
5.986e+02 1.514e+02
1.171e+02 5.914e+02
3.599e+02 8.690e+01
2.039e+02 5.940e+02
2.980e+02 4.000e+02
1.978e+02 8.286e+01
9.948e+02 2.816e+02
7.142e+02 3.613e+02
4.169e+02 4.090e+02
5.557e+02 4.664e+01
1.537e+02 4.660e+02
8.409e+01 3.655e+02
